k=1.4;
ps=104325;%3000Pa=0.03bar 表压
pd=(847+101.325)*1e3;
T=1.58;
lamta=1.65;
D1=0.1785;
Cphi=1;
Cn1=0.4495;
nr=24.966667;%24.966667r/s是电机转速
e_p=(k-1)/k;%就是一个符号，指数n=39.447;%1.58转速
q_Vt=Cphi*Cn1*nr*T*lamta*D1^3;
q_r=9.5/60;% m3/min
n_v=q_r/q_Vt;
P_r=63560.45;
n_ad=k/(k-1)*ps*q_r*((pd/ps)^(e_p)-1)/P_r;